%YAML:1.0
R: !!opencv-matrix
   rows: 3
   cols: 3
   dt: d
   data: [ 9.9986235090341147e-01, 1.6510368011146144e-02,
       1.6392053074026892e-03, -1.6588896148946410e-02,
       9.9657608096580785e-01, 8.0999526982514364e-02,
       -2.9626080193963244e-04, -8.1015570077412419e-02,
       9.9671279194889895e-01 ]
T: !!opencv-matrix
   rows: 3
   cols: 1
   dt: d
   data: [ -6.4029366373612617e-01, -2.5486408246590928e+00,
       5.9673759860665001e+00 ]
R1: !!opencv-matrix
   rows: 3
   cols: 3
   dt: d
   data: [ 9.9438603552649707e-01, -8.9371898236418085e-02,
       5.6648708330513269e-02, 9.1972543610868346e-02,
       4.6530181605890647e-01, -8.8036087554708542e-01,
       5.2320775717138904e-02, 8.8062868666532945e-01,
       4.7090938900223034e-01 ]
R2: !!opencv-matrix
   rows: 3
   cols: 3
   dt: d
   data: [ 9.9286645512066152e-01, -1.0097314418929403e-01,
       6.3408409920605910e-02, 9.8199095673090028e-02,
       3.9087412284651762e-01, -9.1519088593470654e-01,
       6.7624994677403585e-02, 9.1488897918900181e-01,
       3.9800127619567710e-01 ]
P1: !!opencv-matrix
   rows: 3
   cols: 4
   dt: d
   data: [ 3.8366405570144213e-01, 0., 4.3315731811523438e+02, 0., 0.,
       3.8366405570144213e-01, 1.6733051300048828e+01, 0., 0., 0., 1.,
       0. ]
P2: !!opencv-matrix
   rows: 3
   cols: 4
   dt: d
   data: [ 3.8366405570144213e-01, 0., 4.3315731811523438e+02, 0., 0.,
       3.8366405570144213e-01, 1.6733051300048828e+01,
       -2.5016285759570014e+00, 0., 0., 1., 0. ]
Q: !!opencv-matrix
   rows: 4
   cols: 4
   dt: d
   data: [ 1., 0., 0., -4.3315731811523438e+02, 0., 1., 0.,
       -1.6733051300048828e+01, 0., 0., 0., 3.8366405570144213e-01, 0.,
       0., 1.5336571519401954e-01, 0. ]
