%YAML:1.0
R: !!opencv-matrix
   rows: 3
   cols: 3
   dt: d
   data: [ 9.9915733885182179e-01, 3.8769253112738741e-03,
       -4.0860514787217472e-02, -3.0391161739798099e-03,
       9.9978428270992425e-01, 2.0546333470553763e-02,
       4.0931357067982344e-02, -2.0404840022233632e-02,
       9.9895358576474425e-01 ]
T: !!opencv-matrix
   rows: 3
   cols: 1
   dt: d
   data: [ -8.1242750991809498e-01, -2.8189752876446894e-01,
       3.7495216377990190e+00 ]
R1: !!opencv-matrix
   rows: 3
   cols: 3
   dt: d
   data: [ 1.7089555771475565e-01, 9.3971131351408499e-02,
       -9.8079770331393978e-01, -8.3819701770114857e-02,
       9.9321947334905447e-01, 8.0556411013620280e-02,
       9.8171735542799266e-01, 6.8443438200916265e-02,
       1.7761342803601793e-01 ]
R2: !!opencv-matrix
   rows: 3
   cols: 3
   dt: d
   data: [ 2.1119176878506341e-01, 7.3279692020656040e-02,
       -9.7469386144306580e-01, -8.3190008871531551e-02,
       9.9491509543103773e-01, 5.6774777035257497e-02,
       9.7389807434935971e-01, 6.9094425396022313e-02,
       2.1621401702434251e-01 ]
P1: !!opencv-matrix
   rows: 3
   cols: 4
   dt: d
   data: [ -5.3428029135930422e-01, 0., -2.1737159729003906e+01, 0., 0.,
       -5.3428029135930422e-01, 3.2577144241333008e+02, 0., 0., 0., 1.,
       0. ]
P2: !!opencv-matrix
   rows: 3
   cols: 4
   dt: d
   data: [ -5.3428029135930422e-01, 0., -2.1737159729003906e+01,
       2.0553074071230242e+00, 0., -5.3428029135930422e-01,
       3.2577144241333008e+02, 0., 0., 0., 1., 0. ]
Q: !!opencv-matrix
   rows: 4
   cols: 4
   dt: d
   data: [ 1., 0., 0., 2.1737159729003906e+01, 0., 1., 0.,
       -3.2577144241333008e+02, 0., 0., 0., -5.3428029135930422e-01, 0.,
       0., 2.5995152331357496e-01, 0. ]
