%YAML:1.0
R: !!opencv-matrix
   rows: 3
   cols: 3
   dt: d
   data: [ 9.9972754388448515e-01, 2.0828629701962156e-02,
       1.0535947201524542e-02, -2.1191174044454114e-02,
       9.9914296716757878e-01, 3.5556508576970500e-02,
       -9.7863241982077877e-03, -3.5770090079633041e-02,
       9.9931212767302213e-01 ]
T: !!opencv-matrix
   rows: 3
   cols: 1
   dt: d
   data: [ -1.2569665775277128e+01, -1.4117006849623570e+01,
       6.4584977701354077e+01 ]
R1: !!opencv-matrix
   rows: 3
   cols: 3
   dt: d
   data: [ 9.7202202534882598e-01, -1.8177838277976405e-01,
       1.4876088797375542e-01, 1.9168278755416646e-01,
       2.4782127103462495e-01, -9.4965379300998298e-01,
       1.3576041835612801e-01, 9.5159930494760070e-01,
       2.7573152092390996e-01 ]
R2: !!opencv-matrix
   rows: 3
   cols: 3
   dt: d
   data: [ 9.6953833424220726e-01, -1.9693146286254712e-01,
       1.4564826593428223e-01, 1.8678683767022872e-01,
       2.0978052352008597e-01, -9.5974101153633873e-01,
       1.5844903189354551e-01, 9.5771088063488974e-01,
       2.4017446451598962e-01 ]
P1: !!opencv-matrix
   rows: 3
   cols: 4
   dt: d
   data: [ 6.8453101206073608e-01, 0., 5.1849200057983398e+02, 0., 0.,
       6.8453101206073608e-01, 1.6373924446105957e+02, 0., 0., 0., 1.,
       0. ]
P2: !!opencv-matrix
   rows: 3
   cols: 4
   dt: d
   data: [ 6.8453101206073608e-01, 0., 5.1849200057983398e+02, 0., 0.,
       6.8453101206073608e-01, 1.6373924446105957e+02,
       -4.6064948375037801e+01, 0., 0., 1., 0. ]
Q: !!opencv-matrix
   rows: 4
   cols: 4
   dt: d
   data: [ 1., 0., 0., -5.1849200057983398e+02, 0., 1., 0.,
       -1.6373924446105957e+02, 0., 0., 0., 6.8453101206073608e-01, 0.,
       0., 1.4860127628660874e-02, 0. ]
