%YAML:1.0
R: !!opencv-matrix
   rows: 3
   cols: 3
   dt: d
   data: [ 9.9985219496632538e-01, 1.7018707412160959e-02,
       2.4396350220006243e-03, -1.7164472675353669e-02,
       9.9623593374575381e-01, 8.4966729909435559e-02,
       -9.8442815804484422e-04, -8.4996046447733023e-02,
       9.9638080219836456e-01 ]
T: !!opencv-matrix
   rows: 3
   cols: 1
   dt: d
   data: [ -6.6491210427954794e-01, -2.6902491290107378e+00,
       6.0034735528016521e+00 ]
R1: !!opencv-matrix
   rows: 3
   cols: 3
   dt: d
   data: [ 9.9416140790051855e-01, -9.1664854366809295e-02,
       5.6926703006326726e-02, 9.4453694616151676e-02,
       4.8421226291126523e-01, -8.6983733193035040e-01,
       5.2168904671438539e-02, 8.7013564397757182e-01,
       4.9004322917995607e-01 ]
R2: !!opencv-matrix
   rows: 3
   cols: 3
   dt: d
   data: [ 9.9259332888203999e-01, -1.0354720230361335e-01,
       6.3533143743759207e-02, 1.0055831509408462e-01,
       4.0686117436495228e-01, -9.0793832943642749e-01,
       6.8165304402675306e-02, 9.0760231472240449e-01,
       4.1426021965212173e-01 ]
P1: !!opencv-matrix
   rows: 3
   cols: 4
   dt: d
   data: [ 1.9419847601829962e-01, 0., 4.3671976470947266e+02, 0., 0.,
       1.9419847601829962e-01, 4.7137603759765625e+00, 0., 0., 0., 1.,
       0. ]
P2: !!opencv-matrix
   rows: 3
   cols: 4
   dt: d
   data: [ 1.9419847601829962e-01, 0., 4.3671976470947266e+02, 0., 0.,
       1.9419847601829962e-01, 4.7137603759765625e+00,
       -1.2840799611289899e+00, 0., 0., 1., 0. ]
Q: !!opencv-matrix
   rows: 4
   cols: 4
   dt: d
   data: [ 1., 0., 0., -4.3671976470947266e+02, 0., 1., 0.,
       -4.7137603759765625e+00, 0., 0., 0., 1.9419847601829962e-01, 0.,
       0., 1.5123550082313900e-01, 0. ]
