%YAML:1.0
M1: !!opencv-matrix
   rows: 3
   cols: 3
   dt: d
   data: [ 5.1526070529567471e+02, 0., 3.1125122187695047e+02, 0.,
       5.1526070529567471e+02, 2.4391511925183852e+02, 0., 0., 1. ]
D1: !!opencv-matrix
   rows: 1
   cols: 8
   dt: d
   data: [ -9.9928663574050849e-02, 7.6670143327426077e-01, 0., 0., 0.,
       0., 0., 1.6230368348029371e+00 ]
M2: !!opencv-matrix
   rows: 3
   cols: 3
   dt: d
   data: [ 5.1526070529567471e+02, 0., 3.1994867847045253e+02, 0.,
       5.1526070529567471e+02, 2.5147239968929125e+02, 0., 0., 1. ]
D2: !!opencv-matrix
   rows: 1
   cols: 8
   dt: d
   data: [ -1.7195686785775036e-01, 1.7859609549598168e+00, 0., 0., 0.,
       0., 0., 7.2311792670528225e+00 ]
