%YAML:1.0
M1: !!opencv-matrix
   rows: 3
   cols: 3
   dt: d
   data: [ 4.9367788784996259e+02, 0., 3.1697927888253292e+02, 0.,
       4.9367788784996259e+02, 2.3277690111430141e+02, 0., 0., 1. ]
D1: !!opencv-matrix
   rows: 1
   cols: 8
   dt: d
   data: [ -5.4162247683124699e-02, 1.8617535729375605e+00, 0., 0., 0.,
       0., 0., 4.9774474141714542e+00 ]
M2: !!opencv-matrix
   rows: 3
   cols: 3
   dt: d
   data: [ 4.9367788784996259e+02, 0., 3.1634897534155192e+02, 0.,
       4.9367788784996259e+02, 2.4907147666712839e+02, 0., 0., 1. ]
D2: !!opencv-matrix
   rows: 1
   cols: 8
   dt: d
   data: [ 4.5010615388951675e-01, -5.8975230417453295e+00, 0., 0., 0.,
       0., 0., -1.6511120673281422e+01 ]
