%YAML:1.0
M1: !!opencv-matrix
   rows: 3
   cols: 3
   dt: d
   data: [ 4.9431875715255450e+02, 0., 3.1662570446439128e+02, 0.,
       4.9431875715255450e+02, 2.3352612532245544e+02, 0., 0., 1. ]
D1: !!opencv-matrix
   rows: 1
   cols: 8
   dt: d
   data: [ -5.9382474165470094e-02, 1.7545794032156370e+00, 0., 0., 0.,
       0., 0., 4.5967972734935509e+00 ]
M2: !!opencv-matrix
   rows: 3
   cols: 3
   dt: d
   data: [ 4.9431875715255450e+02, 0., 3.1591664163467249e+02, 0.,
       4.9431875715255450e+02, 2.4860453447686879e+02, 0., 0., 1. ]
D2: !!opencv-matrix
   rows: 1
   cols: 8
   dt: d
   data: [ 3.8128975418502553e-01, -5.3366626831757111e+00, 0., 0., 0.,
       0., 0., -1.4976579064599635e+01 ]
