%YAML:1.0
M1: !!opencv-matrix
   rows: 3
   cols: 3
   dt: d
   data: [ 5.6258541184175056e+02, 0., 3.1436567169866265e+02, 0.,
       5.6258541184175056e+02, 2.2859360703379161e+02, 0., 0., 1. ]
D1: !!opencv-matrix
   rows: 1
   cols: 8
   dt: d
   data: [ 6.7370327262104554e-02, -1.0331451093200110e-01, 0., 0., 0.,
       0., 0., -3.1921981594595826e-02 ]
M2: !!opencv-matrix
   rows: 3
   cols: 3
   dt: d
   data: [ 5.6258541184175056e+02, 0., 3.3033561913233757e+02, 0.,
       5.6258541184175056e+02, 2.1963657491279270e+02, 0., 0., 1. ]
D2: !!opencv-matrix
   rows: 1
   cols: 8
   dt: d
   data: [ -4.6779815283419240e-01, 1.8461909932800062e+00, 0., 0., 0.,
       0., 0., 2.4290288192930971e+00 ]
